1.059627731094531,
1.057568185751844,
1.055520603074573,
1.053484867702202,
1.051460865825774,
1.049448485160929,
1.047447614922046,
1.045458145796431,
1.043479969919212,
1.041512980848903,
1.039557073543218,
1.037612144335605,
1.035678090912217,
1.033754812289099,
1.031842208790172,
1.029940182025559,
1.028048634870339,
1.026167471443621,
1.024296597088203,
1.022435918350425,
1.020585342960907,
1.018744779814901,
1.016914138953711,
1.015093331546277,
1.013282269870699,
1.011480867297048,
1.009689038269498,
1.00790669828944,
1.006133763898688,
1.004370152663143,
1.002615783156764,
1.000870574945454,
0.9991344485718786,
0.9974073255402847,
0.9956891283012912,
0.9939797802375936,
0.9922792056493965,
0.990587329740497,
0.9889040786042991,
0.9872293792103992,
0.9855631593912131,
0.9839053478287604,
0.9822558740423889,
0.9806146683752821,
0.9789816619830722,
0.977356786820941,
0.9757399756322098,
0.9741311619364468,
0.9725302800179372,
0.9709372649144729,
0.9693520524063773,
0.9677745790055126,
0.9662047819444506,
0.964642599166444,
0.9630879693146053,
0.9615408317221216,
0.9600011264021865,
0.9584687940382103,
0.9569437759743255,
0.9554260142058546,
0.9539154513699961,
0.9524120307370239,
0.9509156962008911,
0.949426392270725,
0.9479440640622075,
0.9464686572888865,
0.9450001182539602,
0.9435383938420882,
0.9420834315111645,
0.9406351792846764,
0.9391935857435082,
0.9377586000186405,
0.9363301717833873,
0.934908251246081,
0.9334927891427475,
0.9320837367299601,
0.9306810457777011,
0.9292846685627159,
0.9278945578611184,
0.9265106669423954,
0.9251329495622688,
0.9237613599563856,
0.9223958528340679,
0.9210363833718287,
0.9196829072071104,
0.9183353804326705,
0.9169937595900756,
0.9156580016640843,
0.9143280640767937,
0.9130039046819338,
0.9116854817593187,
0.9103727540091533,
0.9090656805468942,
0.9077642208975948,
0.9064683349907791,
0.9051779831553908,
0.9038931261143552,
0.9026137249798487,
0.9013397412484276,
0.9000711367956256,
0.8988078738719101,
0.8975499150974114,
0.896297223457433,
0.8950497622980037,
0.8938074953211573,
0.8925703865806195,
0.8913384004775912,
0.8901115017560701,
0.8888896554988781,
0.8876728271235581,
0.8864609823779805,
0.8852540873365127,
0.8840521083960284,
0.8828550122718004,
0.8816627659938503,
0.8804753369029448,
0.8792926926471014,
0.8781148011773736,
0.8769416307449405,
0.8757731498967778,
0.8746093274726872,
0.8734501326014056,
0.8722955346974205,
0.8711455034574521,
0.870000008857149,
0.8688590211478335,
0.8677225108531734,
0.8665904487659933,
0.8654628059454016,
0.8643395537129571,
0.8632206636506067,
0.8621061075968132,
0.8609958576441229,
0.859889886135778,
0.8587881656633529,
0.8576906690633062,
0.8565973694147389,
0.855508240036156,
0.8544232544832289,
0.8533423865452957,
0.8522656102438367,
0.8511928998285919,
0.8501242297761039,
0.8490595747863836,
0.8479989097808691,
0.8469422098995625,
0.8458894504989403,
0.8448406071492195,
0.8437956556322718,
0.8427545719391177,
0.8417173322675381,
0.8406839130199401,
0.8396542908009411,
0.8386284424155754,
0.8376063448661764,
0.8365879753514761,
0.8355733112632454,
0.8345623301849776,
0.8335550098896611,
0.8325513283373194,
0.8315512636737015,
0.8305547942274569,
0.829561898508929,
0.8285725552077076,
0.827586743190836,
0.8266044415009829,
0.8256256293546712,
0.8246502861399582,
0.8236783914153466,
0.8227099249073049,
0.8217448665088358,
0.8207831962776411,
0.8198248944346365,
0.8188699413615862,
0.8179183176002313,
0.8169700038500154,
0.8160249809667879,
0.8150832299610077,
0.8141447319960692,
0.8132094683871387,
0.8122774205989607,
0.8113485702448521,
0.8104228990848598,
0.809500389024484,
0.8085810221129991,
0.807664780542151,
0.8067516466443528,
0.8058416028919976,
0.804934631895092,
0.8040307164006002,
0.8031298392908963,
0.8022319835819591,
0.8013371324227496,
0.8004452690932949,
0.7995563770036606,
0.7986704396925715,
0.7977874408262304,
0.7969073641967835,
0.7960301937215376,
0.7951559134411724,
0.7942845075189601,
0.7934159602392294,
0.7925502560066431,
0.791687379344463,
0.7908273148936313,
0.7899700474118586,
0.7891155617720015,
0.7882638429615212,
0.7874148760806157,
0.7865686463420032,
0.7857251390692752,
0.7848843396957708,
0.7840462337639795,
0.7832108069239712,
0.782378044932978,
0.7815479336535845,
0.7807204590534927,
0.7798956072039438,
0.7790733642790946,
0.7782537165550433,
0.7774366504085003,
0.7766221523161594,
0.7758102088538232,
0.7750008066952276,
0.7741939326111471,
0.7733895734687859,
0.7725877162304418,
0.7717883479528815,
0.7709914557866857,
0.7701970269747003,
0.7694050488517976,
0.7686155088440165,
0.7678283944671283,
0.7670436933266306,
0.7662613931160872,
0.7654814816172265,
0.7647039466980529,
0.7639287763133799,
0.7631559585026052,
0.7623854813901346,
0.7616173331840269,
0.7608515021751564,
0.7600879767368994,
0.7593267453239665,
0.7585677964718689,
0.7578111187964161,
0.7570567009922409,
0.7563045318331342,
0.7555546001704051,
0.7548068949330007,
0.7540614051259229,
0.7533181198304694,
0.7525770282028793,
0.7518381194739656,
0.7511013829484994,
0.7503668080044008