0.265423153116278,
0.2659400494160141,
0.2664559429722523,
0.2669708395983396,
0.2674847450516454,
0.2679976650343739,
0.2685096051942234,
0.269020571125161,
0.2695305683681433,
0.2700396024117819,
0.2705476786930687,
0.2710548025980254,
0.2715609794623601,
0.2720662145721737,
0.2725705131645717,
0.2730738804282897,
0.2735763215043131,
0.2740778414865155,
0.2745784454222405,
0.2750781383129343,
0.2755769251146335,
0.2760748107386561,
0.2765718000520946,
0.2770678978783584,
0.2775631089978199,
0.2780574381481983,
0.2785508900252164,
0.27904346928307,
0.2795351805349569,
0.2800260283535584,
0.2805160172715163,
0.2810051517820115,
0.2814934363391591,
0.2819808753584769,
0.2824674732174373,
0.2829532342558315,
0.2834381627762849,
0.2839222630446525,
0.2844055392905067,
0.2848879957075252,
0.2853696364539355,
0.285850465652976,
0.2863304873931501,
0.2868097057288964,
0.2872881246807041,
0.2877657482357334,
0.2882425803480557,
0.2887186249390945,
0.2891938858980163,
0.2896683670820823,
0.2901420723169841,
0.2906150053972394,
0.2910871700865921,
0.2915585701182219,
0.2920292091952456,
0.2924990909909537,
0.2929682191491836,
0.2934365972846551,
0.2939042289832635,
0.2943711178024319,
0.2948372672714404,
0.2953026808916442,
0.2957673621369182,
0.2962313144538702,
0.2966945412621314,
0.2971570459547109,
0.2976188318982439,
0.2980799024332711,
0.2985402608745701,
0.2989999105113421,
0.2994588546076115,
0.2999170964023797,
0.3003746391099633,
0.3008314859202256,
0.3012876399988472,
0.3017431044875746,
0.3021978825045013,
0.3026519771442234,
0.3031053914782721,
0.3035581285551243,
0.3040101914006175,
0.3044615830181272,
0.3049123063887549,
0.3053623644716248,
0.3058117602041375,
0.306260496502039,
0.3067085762598156,
0.3071560023508215,
0.3076027776275146,
0.3080489049216703,
0.3084943870445694,
0.308939226787265,
0.3093834269206845,
0.3098269901959364,
0.3102699193444619,
0.3107122170781863,
0.3111538860898279,
0.31159492905299,
0.3120353486223243,
0.3124751474339023,
0.3129143281051407,
0.3133528932351745,
0.3137908454049827,
0.3142281871775207,
0.3146649210979715,
0.3151010496938748,
0.3155365754752442,
0.3159715009348687,
0.3164058285483851,
0.3168395607744174,
0.3172727000548398,
0.3177052488148584,
0.3181372094631711,
0.3185685843921872,
0.3189993759781024,
0.31942958658112,
0.3198592185455071,
0.3202882741999291,
0.3207167558573288,
0.3211446658153395,
0.3215720063562206,
0.3219987797471457,
0.32242498824025,
0.3228506340728159,
0.3232757194673964,
0.3237002466319374,
0.3241242177599414,
0.3245476350305966,
0.3249705006088033,
0.3253928166455748,
0.3258145852777895,
0.3262358086286368,
0.3266564888075372,
0.3270766279104369,
0.327496228019728,
0.3279152912045961,
0.3283338195209203,
0.32875181501157,
0.3291692797063294,
0.3295862156223219,
0.330002624763686,
0.3304185091221746,
0.3308338706768292,
0.3312487113943932,
0.3316630332292364,
0.332076838123611,
0.3324901280076188,
0.3329029047994407,
0.3333151704053253,
0.3337269267197531,
0.3341381756255661,
0.3345489189940094,
0.3349591586848922,
0.3353688965465176,
0.3357781344161452,
0.3361868741195829,
0.3365951174717718,
0.3370028662765626,
0.3374101223268671,
0.3378168874049152,
0.3382231632820567,
0.3386289517191854,
0.3390342544665172,
0.3394390732638836,
0.3398434098407634,
0.3402472659163455,
0.3406506431995687,
0.3410535433894034,
0.3414559681746316,
0.3418579192342104,
0.3422593982372113,
0.3426604068429348,
0.3430609467008883,
0.3434610194511392,
0.3438606267240519,
0.3442597701406219,
0.3446584513124052,
0.3450566718416674,
0.3454544333214894,
0.3458517373356648,
0.3462485854590394,
0.3466449792573583,
0.3470409202874718,
0.3474364100973106,
0.3478314502260391,
0.3482260422040541,
0.3486201875532073,
0.3490138877865541,
0.3494071444088315,
0.3497999589162063,
0.350192332796414,
0.3505842675290185,
0.3509757645851609,
0.3513668254278829,
0.3517574515120633,
0.3521476442845197,
0.3525374051840269,
0.3529267356414969,
0.3533156370798353,
0.3537041109142458,
0.3540921585520959,
0.354479781393124,
0.3548669808292891,
0.3552537582450791,
0.3556401150174594,
0.3560260525158243,
0.3564115721022727,
0.356796675131403,
0.3571813629507126,
0.357565636900254,
0.3579494983129469,
0.3583329485146572,
0.3587159888240418,
0.3590986205528399,
0.3594808450056476,
0.3598626634803286,
0.3602440772677126,
0.3606250876519141,
0.3610056959102154,
0.3613859033131168,
0.361765711124557,
0.3621451206018126,
0.3625241329955149,
0.3629027495498142,
0.3632809715024157,
0.3636588000844859,
0.3640362365209064,
0.3644132820301961,
0.3647899378244515,
0.3651662051097141,
0.3655420850857239,
0.365917578945968,
0.3662926878780081,
0.3666674130631331,
0.3670417556768033,
0.3674157168882586,
0.3677892978610818,
0.3681624997526052,
0.3685353237146437,
0.3689077708929613,
0.3692798424275942,
0.3696515394529303,
0.3700228630975392,
0.3703938144844178,
0.3707643947309343,
0.3711346049487571,
0.3715044462442659,
0.3718739197180776,
0.372243026465545,
0.372611767576395,
0.3729801441352076,
0.3733481572209997,
0.373715807907598,
0.3740830972635301,
0.3744500263520392,
0.3748165962311998