-3.525222894359092,
-3.504707397693112,
-3.484390120208301,
-3.464268390970172,
-3.44433958513937,
-3.424601123003267,
-3.405050469031718,
-3.385685130955439,
-3.36650265886666,
-3.3475006443439,
-3.328676719594746,
-3.310028556622695,
-3.291553866412166,
-3.273250398133499,
-3.25511593836746,
-3.237148310348137,
-3.219345373223732,
-3.201705021334987,
-3.184225183510575,
-3.166903822379457,
-3.14973893369901,
-3.132728545698704,
-3.115870718440239,
-3.099163543190444,
-3.082605141811221,
-3.066193666161428,
-3.049927297513802,
-3.033804245984579,
-3.017822749976583,
-3.001981075634355,
-2.98627751631288,
-2.970710392056562,
-2.955278049091115,
-2.939978859327125,
-2.924811219873432,
-2.909773552562693,
-2.894864303486245,
-2.880081942540411,
-2.865424962982415,
-2.850891880995158,
-2.836481235263257,
-2.822191586556495,
-2.80802151732426,
-2.793969631296496,
-2.78003455309574,
-2.766214927855465,
-2.752509420847719,
-2.738916717118863,
-2.725435521131893,
-2.712064556417844,
-2.698802565233616,
-2.685648308227333,
-2.672600564110639,
-2.659658129338137,
-2.646819817793348,
-2.634084460480956,
-2.62145090522593,
-2.608918016378649,
-2.596484674526237,
-2.58414977620937,
-2.57191223364563,
-2.559770974457805,
-2.547724941408699,
-2.535773092139831,
-2.523914398916983,
-2.512147848379799,
-2.500472441297457,
-2.488887192327489,
-2.477391129781876,
-2.465983295395572,
-2.454662744100939,
-2.443428543806224,
-2.43227977517851,
-2.421215531430753,
-2.410234918113221,
-2.399337052909297,
-2.388521065434206,
-2.377786097039083,
-2.367131300617729,
-2.35655584041785,
-2.346058891855031,
-2.335639641331757,
-2.325297286058284,
-2.315031033877958,
-2.304840103095421,
-2.294723722308812,
-2.284681130243639,
-2.274711575591644,
-2.264814316851398,
-2.25498862217208,
-2.245233769200871,
-2.235549044932426,
-2.225933745561566,
-2.21638717633865,
-2.206908651427295,
-2.197497493765521,
-2.188153034928199,
-2.178874614993766,
-2.169661582411256,
-2.160513293871865,
-2.15142911418121,
-2.142408416135007,
-2.133450580396303,
-2.124554995375326,
-2.115721057111389,
-2.106948169156566,
-2.098235742462708,
-2.089583195268113,
-2.080989952988955,
-2.072455448110877,
-2.063979120082568,
-2.055560415212342,
-2.047198786565279,
-2.03889369386307,
-2.03064460338486,
-2.022450987870865,
-2.0143123264263,
-2.006228104428144,
-1.998197813433258,
-1.990220951087307,
-1.982297021036588,
-1.974425532840125,
-1.966606001883961,
-1.958837949297047,
-1.951120901867795,
-1.943454391962897,
-1.935837957446956,
-1.928271141604132,
-1.920753493059838,
-1.913284565705256,
-1.905863918622616,
-1.898491116010534,
-1.89116572711295,
-1.883887326146907,
-1.876655492233035,
-1.8694698093266,
-1.862329866149864,
-1.855235256125337,
-1.848185577310477,
-1.841180432332945,
-1.83421942832808,
-1.827302176875039,
-1.820428293937408,
-1.813597399801291,
-1.806809119016827,
-1.800063080339552,
-1.793358916673035,
-1.786696265012277,
-1.780074766388293,
-1.773494065813093,
-1.766953812226414,
-1.760453658442038,
-1.753993261096021,
-1.747572280595667,
-1.74119038106828,
-1.734847230312484,
-1.728542499748134,
-1.722275864369313,
-1.716047002696121,
-1.709855596728211,
-1.703701331899406,
-1.697583897031627,
-1.691502984291049,
-1.68545828914386,
-1.679449510313632,
-1.673476349738002,
-1.667538512528024,
-1.661635706925846,
-1.655767644264839,
-1.649934038929269,
-1.644134608315684,
-1.638369072793097,
-1.632637155665868,
-1.62693858313534,
-1.621273084263568,
-1.615640390936317,
-1.610040237827491,
-1.604472362363629,
-1.59893650468898,
-1.593432407631599,
-1.587959816669098,
-1.582518479895708,
-1.577108147989177,
-1.571728574178634,
-1.566379514212816,
-1.561060726328573,
-1.555771971219767,
-1.55051301200747,
-1.545283614209026,
-1.540083545709279,
-1.534912576731244,
-1.529770479806764,
-1.524657029749257,
-1.519572003624996,
-1.514515180725827,
-1.509486342542335,
-1.50448527273683,
-1.499511757117128,
-1.494565583610667,
-1.489646542238649,
-1.484754425091515,
-1.479889026302943,
-1.475050142026683,
-1.470237570411337,
-1.465451111576834,
-1.460690567591569,
-1.455955742448158,
-1.451246442041467,
-1.446562474145735,
-1.441903648392626,
-1.437269776249007,
-1.432660670995465,
-1.428076147705417,
-1.423516023223417,
-1.418980116145173,
-1.41446824679663,
-1.4099802372141,
-1.405515911124162,
-1.40107509392453,
-1.396657612664181,
-1.392263296024685,
-1.387891974301181,
-1.383543479384263,
-1.379217644740947,
-1.374914305397357,
-1.370633297920623,
-1.366374460401139,
-1.362137632435629,
-1.357922655109814,
-1.353729370981732,
-1.349557624064564,
-1.345407259811108,
-1.341278125097014,
-1.337170068204557,
-1.33308293880772,
-1.329016587955667,
-1.324970868058139,
-1.320945632869966,
-1.31694073747604,
-1.312956038276725,
-1.308991392973373,
-1.305046660553622,
-1.301121701277528,
-1.297216376663336,
-1.293330549473982,
-1.289464083702912,
-1.285616844561263,
-1.28178869846409,
-1.27797951301719,
-1.274189157004824,
-1.270417500376211,
-1.266664414233086,
-1.262929770817395,
-1.259213443499177,
-1.255515306763619,
-1.251835236200066