2.111009331985997,
2.090573662155293,
2.070413882945559,
2.050525223930265,
2.030903015112244,
2.011542684434687,
1.99243975536325,
1.97358984453615,
1.954988659480364,
1.936631996394226,
1.918515737989026,
1.9006358513941,
1.88298838611837,
1.865569472068785,
1.848375317623947,
1.831402207760675,
1.814646502231824,
1.798104633794026,
1.781773106483627,
1.76564849393975,
1.749727437772378,
1.734006645974262,
1.718482891376539,
1.703153010143751,
1.688013900311319,
1.673062520359906,
1.658295887828729,
1.643711077964838,
1.629305222408334,
1.615075507911456,
1.601019175092233,
1.587133517219002,
1.573415879027493,
1.559863655568734,
1.546474291085474,
1.533245277918638,
1.520174155440657,
1.507258509016992,
1.494495968993704,
1.481884209709847,
1.46942094853631,
1.457103944937217,
1.444930999556505,
1.432899953325375,
1.421008686594064,
1.409255118283397,
1.397637205058288,
1.386152940521697,
1.374800354427407,
1.36357751191332,
1.352482512752658,
1.34151349062364,
1.330668612396778,
1.319946077439624,
1.309344116938121,
1.29886099323403,
1.288494999178624,
1.278244457501614,
1.268107720195189,
1.258083167912275,
1.248169209379625,
1.238364280824158,
1.228666845413557,
1.21907539270876,
1.209588438130481,
1.200204522437275,
1.190922211216531,
1.181740094385844,
1.172656785707829,
1.16367092231431,
1.154781164242451,
1.145986193981145,
1.137284716027807,
1.128675456455085,
1.120157162487544,
1.111728602088135,
1.103388563553125,
1.095135855117235,
1.086969304566736,
1.078887758861754,
1.070890083766272,
1.062975163487465,
1.055141900321757,
1.047389214309476,
1.039716042896742,
1.032121340605329,
1.024604078708592,
1.017163244915849,
1.009797843062643,
1.002506892807844,
0.9952894293378165,
0.98814450307637,
0.9810711794012548,
0.9740685383666801,
0.9671356744315176,
0.9602716961938711,
0.9534757261303639,
0.9467469003422195,
0.9400843683051505,
0.9334872926260402,
0.9269548488035468,
0.9204862249945052,
0.9140806217847057,
0.9077372519647326,
0.9014553403103776,
0.8952341233673451,
0.8890728492413018,
0.8829707773905682,
0.8769271784250066,
0.8709413339077798,
0.8650125361612027,
0.8591400880773392,
0.8533233029315568,
0.8475615042004847,
0.8418540253831281,
0.8362002098263019,
0.8305994105526224,
0.8250509900927625,
0.8195543203208615,
0.814108782292692,
0.8087137660879478,
0.8033686706548053,
0.7980729036580385,
0.7928258813302023,
0.7876270283252325,
0.7824757775754847,
0.777371570151189,
0.7723138551230875,
0.7673020894268916,
0.7623357377313766,
0.7574142723086936,
0.7525371729063863,
0.7477039266234442,
0.7429140277871795,
0.7381669778334583,
0.7334622851888355,
0.7287994651550491,
0.7241780397955608,
0.7195975378244839,
0.7150574944972732,
0.7105574515042292,
0.706096956864485,
0.7016755648241997,
0.6972928357544106,
0.6929483360523534,
0.6886416380439186,
0.6843723198881264,
0.6801399654832778,
0.6759441643750108,
0.6717845116657486,
0.6676606079263649,
0.6635720591086738,
0.6595184764601925,
0.6554994764404114,
0.6515146806379448,
0.6475637156902962,
0.6436462132037093,
0.6397618096759174,
0.6359101464190644,
0.6320908694846423,
0.6283036295899933,
0.6245480820452656,
0.620823886682615,
0.6171307077860035,
0.6134682140228165,
0.6098360783758778,
0.6062339780778814,
0.6026615945455944,
0.5991186133163069,
0.5956047239847635,
0.5921196201418581,
0.5886629993133283,
0.58523456290078,
0.5818340161226558,
0.5784610679571358,
0.5751154310852655,
0.5717968218355907,
0.5685049601294736,
0.5652395694273764,
0.5620003766763659,
0.5587871122580168,
0.5555995099376787,
0.5524373068142268,
0.5493002432709488,
0.5461880629272002,
0.5431005125907689,
0.5400373422110079,
0.5369983048332472,
0.5339831565530631,
0.5309916564723096,
0.528023566655321,
0.5250786520855968,
0.522156680624164,
0.5192574229675699,
0.5163806526071539,
0.5135261457890294,
0.5106936814744074,
0.5078830413008006,
0.5050940095438534,
0.5023263730795975,
0.4995799213478733,
0.496854446315325,
0.4941497424403849,
0.4914656066374903,
0.4888018382426367,
0.4861582389796695,
0.4835346129261779,
0.4809307664810092,
0.4783465083316401,
0.4757816494224016,
0.4732360029229028,
0.4707093841971925,
0.4682016107735762,
0.465712502314318,
0.4632418805865939,
0.4607895694332456,
0.4583553947444159,
0.4559391844293543,
0.4535407683890469,
0.4511599784887323,
0.4487966485313564,
0.4464506142311109,
0.4441217131877409,
0.4418097848606237,
0.4395146705440425,
0.4372362133422882,
0.4349742581452176,
0.4327286516044921,
0.4304992421098461,
0.4282858797659514,
0.4260884163692538,
0.4239067053859173,
0.4217406019293435,
0.4195899627382005,
0.4174546461553632,
0.4153345121062273,
0.4132294220782455,
0.4111392391002084,
0.4090638277219796,
0.4070030539946572,
0.4049567854509917,
0.4029248910858882,
0.400907241337535,
0.3989037080685307,
0.3969141645475815,
0.3949384854310267,
0.3929765467452455,
0.3910282258687516,
0.3890934015147707,
0.3871719537144429,
0.3852637637995713,
0.38336871438608,
0.3814866893577005,
0.379617573849913,
0.3777612542336328,
0.3759176181000328