2.649072676556142,
2.643923780806261,
2.638804792156855,
2.633715422199201,
2.628655386403352,
2.623624404051365,
2.618622198171988,
2.61364849547654,
2.608703026296039,
2.603785524520181,
2.598895727536719,
2.594033376172931,
2.589198214637779,
2.584389990465337,
2.579608454459474,
2.57485336063963,
2.570124466187642,
2.565421531395655,
2.560744319615063,
2.556092597206554,
2.551466133491059,
2.546864700701612,
2.542288073936491,
2.537736031112697,
2.533208352921039,
2.528704822781517,
2.524225226799925,
2.519769353725111,
2.515336994907196,
2.510927944256422,
2.50654199820313,
2.50217895565803,
2.497838617973542,
2.493520788905971,
2.489225274578017,
2.484951883442387,
2.480700426245735,
2.476470715993607,
2.472262567915924,
2.468075799432865,
2.463910230121858,
2.45976568168467,
2.455641977915649,
2.451538944669894,
2.44745640983272,
2.443394203289084,
2.439352156893892,
2.435330104442876,
2.431327881643656,
2.427345326087756,
2.423382277222838,
2.419438576325523,
2.415514066474664,
2.411608592525178,
2.407722001082281,
2.403854140476104,
2.400004860736897,
2.396174013570602,
2.392361452334891,
2.388567032015472,
2.384790609203041,
2.381032042070407,
2.377291190350318,
2.373567915313196,
2.369862079745747,
2.366173547929587,
2.362502185620565,
2.358847860027879,
2.355210439794319,
2.351589794976137,
2.347985797023674,
2.34439831876217,
2.340827234372927,
2.337272419374727,
2.333733750605627,
2.330211106205148,
2.326704365596412,
2.323213409469037,
2.319738119761947,
2.316278379646711,
2.312834073510851,
2.309405086941911,
2.305991306711245,
2.302592620758406,
2.299208918175642,
2.295840089192882,
2.292486025162461,
2.289146618544704,
2.285821762893313,
2.282511352841035,
2.279215284085799,
2.275933453376809,
2.272665758500995,
2.26941209826966,
2.266172372505222,
2.262946482028437,
2.259734328645386,
2.256535815135275,
2.253350845237674,
2.250179323640697,
2.247021155968784,
2.243876248771057,
2.240744509509611,
2.237625846548118,
2.234520169140582,
2.231427387420121,
2.228347412388376,
2.225280155904244,
2.222225530673745,
2.21918345023942,
2.216153828969907,
2.213136582050079,
2.210131625470868,
2.207138876019574,
2.204158251270036,
2.201189669573325,
2.198233050048087,
2.195288312571442,
2.192355377769924,
2.189434167010267,
2.186524602390818,
2.183626606732607,
2.180740103570812,
2.177865017146387,
2.175001272397525,
2.172148794951569,
2.169307511116813,
2.166477347874675,
2.163658232871504,
2.160850094411062,
2.15805286144693,
2.155266463574566,
2.152490831024368,
2.149725894653941,
2.146971585941057,
2.144227836976472,
2.141494580456923,
2.138771749678134,
2.136059278528045,
2.133357101479946,
2.130665153586153,
2.127983370470851,
2.125311688324375,
2.122650043896213,
2.119998374489043,
2.117356617952429,
2.114724712676728,
2.112102597587017,
2.109490212137215,
2.106887496304081,
2.10429439058165,
2.101710835975241,
2.099136773995955,
2.096572146655237,
2.094016896459073,
2.091470966402999,
2.088934299966273,
2.086406841107081,
2.08388853425699,
2.081379324315902,
2.078879156647206,
2.076387977072431,
2.073905731866581,
2.071432367753103,
2.068967831899284,
2.066512071911173,
2.064065035829382,
2.061626672123996,
2.0591969296903,
2.056775757844113,
2.054363106317643,
2.05195892525465,
2.049563165206545,
2.04717577712778,
2.044796712371937,
2.042425922687328,
2.040063360213016,
2.037708977474696,
2.035362727380645,
2.033024563217935,
2.030694438648332,
2.028372307704594,
2.02605812478653,
2.023751844657315,
2.021453422439804,
2.019162813612812,
2.016879974007407,
2.014604859803617,
2.012337427526493,
2.010077634042971,
2.007825436558341,
2.005580792612576,
2.003343660077422,
2.001113997152726,
1.998891762363238,
1.996676914555492,
1.99446941289447,
1.992269216860483,
1.990076286246079,
1.987890581152835,
1.985712061988609,
1.983540689464023,
1.981376424590082,
1.979219228674762,
1.97706906332023,
1.974925890420257,
1.972789672156891,
1.970660370998033,
1.968537949694511,
1.966422371277448,
1.964313599055405,
1.962211596611754,
1.960116327802218,
1.958027756751934,
1.955945847853204,
1.953870565762708,
1.951801875399113,
1.949739741940461,
1.947684130821921,
1.945635007733098,
1.943592338615803,
1.94155608966157,
1.939526227309503,
1.937502718243603,
1.935485529390816,
1.933474627918615,
1.931469981232666,
1.929471556974801,
1.927479323020698,
1.925493247477805,
1.923513298682936,
1.921539445200575,
1.919571655820505,
1.917609899555624,
1.915654145640293,
1.913704363527854,
1.911760522888986,
1.909822593609555,
1.907890545788629,
1.905964349736615,
1.904043975973383,
1.90212939522621,
1.900220578428066,
1.898317496715646,
1.896420121427695,
1.894528424102931,
1.892642376478569,
1.890761950488314,
1.888887118260572,
1.887017852117055,
1.885154124570701,
1.883295908324076,
1.881443176267759,
1.879595901478782,
1.877754057218586,
1.87591761693189