-0.3525209499079835,
-0.3504694183604045,
-0.348437708417066,
-0.3464255529910929,
-0.3444326896050711,
-0.3424588602939593,
-0.3405038115109278,
-0.3385672940350446,
-0.3366490628813779,
-0.3347488772134568,
-0.3328665002576088,
-0.3310016992195983,
-0.3291542452032274,
-0.3273239131306696,
-0.3255104816650203,
-0.3237137331346105,
-0.3219334534591098,
-0.3201694320772788,
-0.3184214618765964,
-0.3166893391243377,
-0.3149728634007261,
-0.3132718375329375,
-0.3115860675312661,
-0.3099153625265956,
-0.3082595347089239,
-0.3066183992681601,
-0.304991774335349,
-0.3033794809258268,
-0.3017813428834586,
-0.3001971868262672,
-0.2986268420932845,
-0.2970701406922558,
-0.2955269172490773,
-0.2939970089581152,
-0.2924802555333486,
-0.290976499161161,
-0.2894855844537005,
-0.288007358403604,
-0.2865416703394317,
-0.2850883718823525,
-0.2836473169035969,
-0.2822183614827622,
-0.2808013638676243,
-0.2793961844335797,
-0.2780026856455606,
-0.2766207320192962,
-0.2752501900844777,
-0.2738909283481235,
-0.2725428172588522,
-0.27120572917201,
-0.2698795383155641,
-0.2685641207565368,
-0.2672593543681216,
-0.2659651187979932,
-0.2646812954364748,
-0.2634077673860702,
-0.2621444194312517,
-0.260891138008958,
-0.2596478111798035,
-0.2584143285997129,
-0.257190581492182,
-0.2559764626213905,
-0.2547718662652585,
-0.2535766881896393,
-0.2523908256228253,
-0.2512141772303949,
-0.2500466430908261,
-0.2488881246715096,
-0.2477385248051007,
-0.2465977476666978,
-0.2454656987509338,
-0.24434228485012,
-0.2432274140323614,
-0.2421209956203541,
-0.2410229401704953,
-0.2399331594524483,
-0.2388515664290196,
-0.2377780752367187,
-0.2367126011660332,
-0.2356550606430687,
-0.2346053712105913,
-0.2335634515099798,
-0.2325292212634906,
-0.2315026012566079,
-0.2304835133208201,
-0.2294718803171349,
-0.2284676261191692,
-0.2274706755971465,
-0.2264809546019535,
-0.2254983899495357,
-0.2245229094056356,
-0.2235544416706432,
-0.2225929163650733,
-0.2216382640148709,
-0.2206904160373142,
-0.2197493047271735,
-0.218814863242784,
-0.2178870255928302,
-0.216965726623215,
-0.2160509020037296,
-0.2151424882158892,
-0.2142404225400583,
-0.2133446430433139,
-0.2124550885675092,
-0.2115716987173073,
-0.210694413848671,
-0.2098231750575792,
-0.2089579241685726,
-0.2080986037239541,
-0.2072451569730447,
-0.2063975278613839,
-0.205555661020469,
-0.2047195017575234,
-0.2038889960453218,
-0.2030640905124699,
-0.2022447324335701,
-0.2014308697198715,
-0.2006224509095489,
-0.1998194251590064,
-0.1990217422333274,
-0.1982293524977763,
-0.1974422069087893,
-0.1966602570055613,
-0.1958834549015194,
-0.195111753276052,
-0.1943451053663807,
-0.1935834649594881,
-0.192826786384245,
-0.1920750245038505,
-0.1913281347077316,
-0.190586072904722,
-0.1898487955151325,
-0.1891162594638729,
-0.1883884221730341,
-0.1876652415552371,
-0.1869466760063574,
-0.1862326843991298,
-0.1855232260761852,
-0.1848182608438265,
-0.1841177489650647,
-0.1834216511540205,
-0.1827299285688753,
-0.1820425428064709,
-0.1813594558957732,
-0.1806806302922439,
-0.1800060288717589,
-0.179335614925094,
-0.1786693521520704,
-0.1780072046561827,
-0.1773491369390285,
-0.1766951138948798,
-0.1760451008054815,
-0.1753990633347371,
-0.1747569675238481,
-0.1741187797856867,
-0.1734844669006179,
-0.1728539960108435,
-0.1722273346160819,
-0.1716044505687364,
-0.1709853120689786,
-0.1703698876605984,
-0.1697581462259734,
-0.1691500569820903,
-0.1685455894758547,
-0.1679447135798569,
-0.1673473994881647,
-0.1667536177122031,
-0.1661633390763484,
-0.1655765347143188,
-0.1649931760647689,
-0.1644132348675669,
-0.1638366831598717,
-0.163263493272467,
-0.1626936378256119,
-0.1621270897258285,
-0.1615638221618951,
-0.161003808601464,
-0.1604470227874231,
-0.1598934387343718,
-0.159343030725438,
-0.1587957733085261,
-0.1582516412933046,
-0.1577106097477383,
-0.1571726539949907,
-0.1566377496101268,
-0.1561058724170721,
-0.1555769984853157,
-0.1550511041272955,
-0.1545281658948454,
-0.1540081605766659,
-0.1534910651953112,
-0.152976857004063,
-0.1524655134845148,
-0.1519570123434448,
-0.1514513315102306,
-0.1509484491340913,
-0.1504483435814734,
-0.149950993433265,
-0.1494563774824655,
-0.148964474731315,
-0.1484752643890204,
-0.1479887258690837,
-0.1475048387871141,
-0.1470235829580986,
-0.1465449383941575,
-0.1460688853023271,
-0.1455954040819734,
-0.1451244753228309,
-0.1446560798023313,
-0.1441901984838694,
-0.1437268125143021,
-0.14326590322176,
-0.1428074521137717,
-0.1423514408748758,
-0.1418978513648881,
-0.1414466656164279,
-0.1409978658333273,
-0.1405514343883283,
-0.1401073538213211,
-0.1396656068374114,
-0.1392261763048168,
-0.1387890452531622,
-0.13835419687166,
-0.1379216145071496,
-0.1374912816623066,
-0.1370631819940229,
-0.1366372993114169,
-0.1362136175742421,
-0.1357921208912956,
-0.1353727935183713,
-0.1349556198569246,
-0.1345405844524237,
-0.1341276719924167,
-0.1337168673053668,
-0.1333081553586339,
-0.132901521257395,
-0.1324969502425404,
-0.1320944276898501,
-0.1316939391077483,
-0.1312954701364504,
-0.1308990065462012,
-0.1305045342357971,
-0.1301120392313919,
-0.1297215076848772,
-0.1293329258726033,
-0.1289462801941283,
-0.1285615571704852,
-0.1281787434433852,
-0.1277978257734276,
-0.1274187910392186,
-0.1270416262356378,
-0.1266663184730419,
-0.1262928549756737,
-0.1259212230805815,
-0.1255514102364259,
-0.1251834040022004